280.0800856154224 266.90334157335167 734.5966225748231
808.0653874470036 150.89505858890902 798.2453956162292
383.38414345098573 977.6293473929551 437.4905424037949
928.9712028118643 1000.0 350.64754292069637
0 130.87099379935853 962.8783337893984
198.44124093092256 636.1496874884458 701.3851140524257
238.56754781818472 -1.159641412975542 520.0048836636665
471.0841952068073 984.6902914013792 728.5118257031968
0 883.7992718993585 857.5533077123553
664.465796920491 60.64067372032824 649.4549675284859
0.0 718.1588428917469 601.5380143331913
499.06406203070145 432.7861237048952 818.8552699146016
1000.0 1074.3324761957633 940.8977604823887
0 209.61023416483957 779.2035045943625
296.3985357055906 1000 858.58244440313
1000.0 1208.3590958019129 953.043080363097
590.1358132145292 993.6464173574029 1428.501272158842
47.43857526656573 0 871.6737614749807
1000.0 1157.0159522524423 911.5953106828174
372.8375846361677 281.4893201600901 1316.2592428811597
0 -401.48948044520324 1097.8163028625004
94.97764212182629 114.4086886435249 625.7131264046982
587.9769032961995 915.5054613428556 888.032817341836
321.3960030524989 566.3054228285495 1241.8959297602034
499.0906224565499 0.0 872.8924684182688
143.81269574196978 820.3094292994349 605.6653530792892
0.0 -37.654335656427236 851.7735993393239
0.0 202.8414225599243 954.664241974674
-173.97829140717099 0.0 1259.9291169373062
0.0 253.24666193571682 972.6022788853126
1000.0 627.1691131612922 454.8106202699337
1627.789509672571 1000 1851.76103232546
756.6815208227687 217.91828169726807 328.27556277833196
576.7757361399956 486.52182848564627 598.4809079261395
429.84420923517746 1000.0 818.7360407196356
759.1250939922024 710.1575297811992 678.266307035909
116.76394724689474 392.86914778308676 350.3029160275583
365.3078322748512 867.2767267614406 161.7956220150763
472.4740513029958 704.9187458362763 644.9926307602544
1000.0 134.12535678162297 1140.9900535907843
568.1673705954208 682.1060381765656 613.4376755174876
632.1181265339524 0.0 724.6941586789846
-364.9029800609122 0 670.2353242653953
574.7239683456708 0.0 562.9758911726373
743.6473515230183 -0.07741467361478266 533.0035672238984
733.4305351450737 534.3176652961331 1040.9493519991724
861.4607396477098 355.9768364171483 636.7489500521839
-3.6744542417517163 370.1829908543969 203.42625608124033
133.05174399213232 282.45189695744864 1131.10460650139
694.6548661043958 211.38413629917383 378.98626007014184
603.9498675687008 234.51123364732246 1380.6296135456962
525.514971996301 0.0 348.4105391126103
333.80146394418745 922.547494681139 1401.7133474745601
1000.0 502.738083837134 765.051507535766
0 516.7962423220451 1971.2029681612187
1000.0 1262.8338888916987 849.7236459642678
51.99992963460243 270.6838580335367 86.70554447227798
-157.27377110673427 0.0 1244.0679814029284
592.3521077903561 931.3605510220779 737.2607189621161
208.68233465053626 158.94881981753974 567.5173818343187
946.382195065011 1000.0 1262.4098522405795
603.2700776238962 0.0 1026.5886231997056
1000.0 885.3583761174466 1581.8749377120528
475.49806641975823 777.8306158891911 1348.6177285056176
192.7832630165172 518.4763357654633 746.1041656162724
122.75204923541976 384.86023808356947 500.8257703027891
727.2828058498884 -0.17023760628791065 1837.0458426756031
4.241643241869932 438.4136022506794 870.5114211358826
248.0203138256895 0 961.5636196752489
397.3229279783378 608.1419420463709 295.3847956203323
1000.0 352.31191030552844 529.6485941552127
0.0 -292.64828895693245 1111.205690191568
484.5513792598644 608.4349526923236 973.1618778112645
735.6263520555467 593.3024218555801 536.1770385777415
842.587210675594 773.4746396204908 846.826015615701
179.20500763283692 0.0 1620.2828396527432
0.0 32.174413063662655 1150.8843483348196
0 -985.7099212883785 1595.9907991811283
-170.11480105715953 0.0 1264.343370095572
0 -771.6772513384027 1283.790166104582
777.4103207533074 430.6103720818463 772.9330410122238
1000.0 1326.808476860197 1114.8296646838653
963.8273245737132 1000.0 840.141044442567
958.6873184743306 0 726.8622195333554
547.2489854702588 508.64626664622125 475.4774128338026
305.58892782081625 360.4518134082235 715.763771241686
835.4266923505753 698.3384283996526 388.6823474162362
394.88418139574907 519.8235406916515 886.4296035017139
237.1624969060075 123.54656960882187 1579.7856154008562
1000.0 150.30709047024757 1126.2130233221276
146.52049516613727 342.7685775197632 1216.067627669984
0 -751.1180474587037 1488.716531211879
0.0 269.8496804356115 1077.9378137644567
345.19608382602775 548.9320309785426 1563.8902910310674
577.1716572800622 0.0 1205.0578024065128
923.7361772219755 316.42188144229954 501.0476970814206
140.15966679162875 471.42227802553236 268.8345094785135
501.7051082067634 1000.0 407.28105790595095
708.3569712124792 706.0125898412888 442.75340766867424
0.0 83.66688481485019 1176.864917543182
215.17934077046664 0 1359.472073668062
623.3205945279557 376.7871182088672 1096.640138664707
471.6102949893289 359.6253199813669 993.4900310903554
0.0 -133.0799719091184 1126.7231172033037
229.252750919817 657.2978506511099 772.4088332446418
-80.02770247520462 0.0 964.4272301342271
375.8797531947435 453.8601866688656 1517.0197554869171
776.9109708272545 616.0624523441772 404.4177104040024
1000.0 1077.0032244779977 1365.670779669296
1000.0 713.0916546328542 1008.6187497249236
0.0 896.9855981231566 1061.509573998904
802.0065331639935 862.0502859436458 1453.5991688172069
1286.268752591496 1000.0 1252.1778709344335
0.0 79.72188317817702 694.177875570095
887.2385085783601 1000.0 1140.322253957376
1000.0 369.65442949055 1234.4247985906845
473.441424882347 190.99834012228965 413.3800086614701
-150.28014916507522 0.0 850.7080464257172
279.8162074772502 495.27525844690916 1014.820643480545
495.4918390812702 927.4014290077528 535.1828170568999
886.543079749057 1000.0 821.6787770274482
1000.0 439.67914226929196 1749.713337063841
821.9694216205119 521.3607702326974 925.8320378056228
111.95025305175042 776.960409102705 1019.6596755684134
1000.0 679.1789062893746 368.2502220887611
690.1006444525 233.97522763248236 560.7639630624499
1000.0 824.1187053021056 898.3847704033321
1000.0 1740.3306500438473 1755.8561912974717
1000 1036.553560760125 1018.9360118931609
830.9160528722277 873.4514698806879 1295.064575509497
25.088287956307454 1000 1030.7176459735865
0 293.0684423593149 743.6905494606358
0 1005.5080051932875 683.0915900420767
240.59724275619942 1000 867.7298715918058
778.0289859561768 449.6910173825573 1006.4998877514546
101.38969227300413 780.1002968137616 914.6754661398545
610.218757541216 726.5023810991736 868.2806324345884
334.70321190220335 652.1210615932303 1275.2451481872483
1950.038112410302 1000 1651.6359952562057
107.8638393388843 0.0 1154.607128530304
1000.0 252.22405626676678 993.0144150210853
316.1273990803824 1000 757.7938641563576
607.8380951853658 465.61190464221386 1178.9794691525717
970.4789054041755 584.3082006268673 654.2760657438444
-73.28089046224042 0.0 967.3500965236103
253.44835922365178 120.36845672905537 893.3343144899688
833.4978791115369 226.86273920944424 458.124280559872
1000 1600.4009148406058 1370.2134692403902
1000.0 76.28595188142157 590.2975233813424
0.0 248.31652367397186 1286.4933803218862
727.7489475719594 810.4991789390568 1214.8285561174132
668.333681405667 477.07533332068766 142.08278729535266
-160.8181160978707 0.0 1118.144100070273
417.0616589838659 130.32668411178906 108.96237393108967
1000.0 -234.89700705501122 1176.5403103718188
1000.0 1153.3492057939097 1295.9641284211482
885.6921845039735 342.8167421975302 1205.5723017160185
0.0 252.0498842240903 872.8358821761591
65.52182235378376 1000.0 279.79167140563675
905.2539010608648 1000.0 1052.1892126507285
1000.0 1706.7746174938306 1213.2434711464014
1000.0 404.7744101252305 1609.3661507168156
582.6439255865164 586.632087434059 499.5321132822507
0.0 -203.09852990569186 1104.2469946578706
646.8725763722264 668.7642026332766 1225.1950449611634
307.9696445267099 199.2519863441789 540.7433644882697
0 1207.8725008901213 983.8973217277171
0.0 -148.94825110659923 1077.6090680273244
481.226841543278 424.8943565330171 507.0893708512628
316.16519274451144 7.433806566932672 1124.5170611274775
75.52182235378376 1000.0 949.6662809233526
343.75447642192523 855.6246739291792 832.5671527891305
1000.0 284.98494813809333 1495.5933299000749
480.5376862908678 558.1303122236399 1008.8970359116818
215.8222638227133 662.0358325968004 945.7563926008836
812.9916749528089 1000.0 1238.8290490369122
538.4647930627974 562.7174030274874 385.8626525293241
678.5742207997711 0.0 938.3448073236762
0.0 -27.8680632349662 699.1490587463663
806.6351712080934 1000.0 1095.4079894446443
493.88571474597427 942.0644001927462 767.98277388021
345.5577496400431 222.39652098558662 705.6161849970076
160.34570181080107 0.0 1533.2836123563004
212.0280187323297 232.48962550493061 729.1960280640542
990.2811138809924 669.412876737321 674.2765803051672
1000.0 140.30709047024757 395.1918227474044
1096.5949120471187 1000.0 997.7941134779242
418.15398536050276 500.09224597511763 501.17025147477204
348.5907775849306 614.8022509151183 1396.1663665229892
1000.0 826.8890692097789 437.9364481676949
706.3495704479244 273.0785267971934 849.5957638440075
1232.052798158431 1000.0 1124.3478707702727
518.6324658756731 685.2202716757713 1133.5155016642195
1000.0 1305.1961433782121 925.4000490828914
138.6078833202623 486.37191464722383 893.9229337805626
372.9597073117119 727.1449956675469 503.00744128116946
653.698202924865 605.3222974663847 170.72789639673175
97.3469618697741 901.2918727499971 1156.6774278124367
725.0375588370089 1000.0 1338.3117981711025
1188.787228508756 1000.0 1086.7072609871877
408.2738516213673 358.81116290632735 363.7665828672664
0 802.8953639606533 666.6742786588516
87.09937252732148 1000.0 1232.412338686376
1224.2558203455214 1000.0 1101.2413183500466
650.3981102244004 486.8512350471209 1044.4912955683303
1896.0751442261317 1000 2062.225240784429
310.1348969923814 458.15624678230137 210.9621870794991
397.08022792399083 618.138996446724 1290.0519576995987
156.92430677761007 960.6187606623666 985.0812992034987
482.3205307415086 445.5796119868963 329.0345258391037
417.1752198105304 363.36809656405774 830.0172763727226
729.6293340396779 682.0175718723852 1218.1890503436587
965.3306954850005 565.6760694280183 667.2398450545342
0.0 -472.4554511314114 983.2741376109263
971.2724540824155 1000.0 1335.3316733413872
267.24386032029616 0.0 464.63181194739246
558.0861155111314 427.33156140385904 338.67925265073916
367.1057677581115 449.0625643871754 1072.9271792543288
897.37126588949 306.1373350750945 1267.22328960828
-569.0431681820955 0 951.9803068788771
861.5104818016988 479.04375965120266 648.0100138689351
82.93760366692129 417.87087044211756 923.4788146332801
694.677136024887 720.4870207474241 598.0057456496219
783.993499573626 0 1233.3732829690794
150.194173442565 433.4044932933611 726.1746547668893
1000.0 978.4026914705902 936.5737379316565
154.93182860285307 277.73845832552183 250.64320889824324
0 -788.939229325076 1392.3089208870758
630.7335576511933 1000.0 939.687738044771
786.6932787529234 213.31263310500907 577.8350160407153
567.8099341179643 1000.0 1357.0177449226112
906.9460042588253 407.57027465076703 1318.163809754731
175.59053494515192 614.9168211247336 671.6350049878076
723.4136001595931 -0.07215589277081592 1478.1512675046706
227.11309638796448 594.361506630848 468.2282153314199
680.7294983590664 914.9956062199644 931.7262103626266
500.87720736915674 820.985364745847 1715.6967966846364
476.4765159624782 493.0034563532998 1058.0318336473406
1000.0 1387.5395914951146 1339.8871672138
1000.0 -176.43769452149849 1175.9619413395912
1007.3671094706215 1000.0 808.1507799947555
967.2005872996543 264.6588295538186 239.43058944955158
0.0 -293.0106179732397 929.6505645950259
511.79979506225084 109.07709810857392 325.41594210344937
0.0 598.4623124787101 816.7176954656769
654.4554420590503 645.9964171429881 675.1772123195508
76.82479110587137 401.2143871292319 635.8260740755471
600.8245296631785 0.0 1676.2430229787294
486.65154526403126 1000.0 1163.2796904576214
489.8945296252044 552.1910562843234 872.685602342296
1254.8675801457498 1000.0 1893.5990915924356
223.33409828412113 0.0 744.4175529857835
868.436245153254 1000.0 880.083229492158
94.38388315642177 0.0 974.7053849705716
842.6651893924366 1000.0 1027.6530592803783
678.8082215530028 638.0355702212494 1153.936050247762
1000 774.169047834319 1076.4298429139517
193.95826455435096 552.8008227691377 798.8025894728468
1000.3300034374194 670.5276225175436 823.183276648954
615.1921048980047 389.64805678173747 1171.0228522620882
0.0 681.769454049644 942.5476987373623
594.0836367303615 1002.629714559322 559.267147147575
0.0 738.7817252319696 554.2659335978904
267.9603989501603 306.5243773838895 628.610719320524
1000.0 1106.0725156599904 960.8283228265443
1000.3580808998364 737.6900863322226 304.54977255897296
0.0 61.47211264111344 986.668195391733
0 1226.8926645849515 1088.270056397665
0.0 350.6585703160846 1470.1555273172603
223.83302711167823 1000.0 493.53105517548084
1664.6385822182433 1000 1346.1686774857244
1000.0 518.3412529178952 1003.8771758283955
0.0 -489.9024141654958 2102.814471119817
700.4382505143396 0.0 855.3097424418569
57.38549888591899 367.6015737194003 313.34319613595096
655.0559345726473 592.6783169297697 566.0428849245675
170.34570181080107 0.0 979.8441567043834
994.0237295936795 1000.0 1243.242867300143
0.0 417.6720935681842 667.7590152177423
3.1267898959573435 8.140368448500709 1068.3685631674668
1000.0 875.3583761174466 779.8767348085889
1000.0 1166.9354539580568 1730.25474471693
294.28100198965853 442.96152525451134 791.2368689037083
1000.0 1078.6154032487507 659.846018467544
857.0669429591967 772.5418314454884 288.62873998581966
-417.81339990933316 0 1290.0868324160278
507.04064170499987 1000.0 1190.4033944926014
742.7002515839503 586.2341868947109 773.1148415226579
285.7651073079704 1000 1050.1479016605858
162.57759235132443 452.9926962587815 181.8932448374743
50.04046309731336 163.70171788199593 655.1199323352886
483.43346074498004 506.41968467831504 912.4659210625015
1086.5949120471187 1000.0 933.0027884678105
1000.0 819.684708165254 1467.232327266834
0.0 37.40780607954236 1111.4893764917892
536.7377097265836 1000.0 722.0942953422202
503.73482533138974 9.238069868955336 1121.9482702252003
213.03566981114886 467.1335138784581 808.9780868823588
890.2762944329526 538.3975654647711 1055.1501063839921
319.1006719277005 770.6226108949264 1270.1370401733354
-150.8181160978707 0.0 1068.915182317712
1000.0 594.2400155365538 1185.7759051136604
0 1174.8883111521116 630.7098827704483
296.46172748796187 598.8031345454531 345.35909036516045
1000.0 1315.1961433782121 1473.13731529181
1000.0 1184.2174197558782 1146.585370193482
838.9497260707936 1001.8677890910851 692.5703422446217
289.66317467845795 0.0 1048.782931672506
1000.0436846723399 1001.7167818315725 975.9674812162554
469.47235442720705 476.5760410506057 1293.6016573920297
762.1335866695249 78.90415452120794 923.6449247017645
0 220.609865404022 1410.7950942002753
924.4064052679637 1000.0 1364.8648190420108
999.9482139650661 660.5349133354048 711.5893280488442
267.83392870678466 17.45225285069558 1836.19118398183
-219.69076413648474 0.0 1300.5738812088227
722.3216482336048 667.0754064763034 1357.3097377764093
0.0 408.48128639916365 647.680526053755
507.7941801418526 715.6452879291029 1139.486732423502
465.9278612956477 774.9304135027277 753.9983818263798
980.6208979783016 2.2912620043911716 728.2253814383923
1000.0 951.199712393824 901.5407313909141
570.4741832456842 998.4283668332774 755.0244990028796
599.6393448299887 994.0429643309214 760.9436617982549
1000.0 1223.8421997665303 763.6168632468144
271.5203147247331 354.47085038770456 175.18506370664977
649.0629355706611 1000.0 247.26587244934217
633.8403785013875 896.8015074187224 669.4172155253447
763.489887751871 403.1722476296062 1741.6727144059591
484.8202731437915 399.7129853255309 552.1885289078573
0.0 -275.1615150685675 1464.1704001562177
1000.0 231.18438697948017 1146.2535278598418
134.00442081098714 624.3192987612608 1038.8161403965073
270.59839283158675 446.1298892796083 795.5084609550174
261.5033008426823 479.0894264243009 546.6732437945625
209.28394943652984 448.8273573784687 411.7021637145843
188.3494548634906 527.4396691444108 1811.825852194512
0.0 193.99435279909466 763.1181584503763
785.8499953301538 455.922535044585 569.1235307736438
546.403764570188 470.45702535574776 693.9610155609198
206.39580711317814 796.5147547610486 818.3767932580413
898.0774198246284 35.422535830426334 344.7298045356114
1000.0 1053.7148366600247 1391.768440541406
579.5019662749587 0.0 1029.499229826266
-300.21886355055153 0 1241.378879299595
405.3884531009977 320.1688636578008 699.9938361517915
252.12178466529986 1000 1335.5769859357763
1000.0 515.9331194569302 685.035581348015
0.0 558.7963360469694 1110.5587986296612
-14.198198093299865 0.0 1436.396500319522
1000.0 1043.7148366600247 1288.1248107299052
1000.0 1377.5395914951146 1056.578346557781
572.0655817461849 951.3459912152025 1317.1207308979426
466.49194090491153 942.498329263781 846.1439645759357
534.7499133771382 663.7367638157037 1149.2096038930995
1000 39.95292514910598 1042.3670118399248
-233.69890201830523 0.0 992.0987595062047
0.0 334.0518940619902 952.9491804436921
278.4142870458384 136.52348028070082 166.59247459793508
0.0 626.4377078658276 998.5226927617937
-110.32715144584478 0.0 1184.6059158265293
314.32608188836144 -2.442642046499776 704.0588035750219
361.05625824916353 1000.0 1059.4191704709617
528.131385378373 662.1156079575923 1052.587728755723
1373.2102744751082 1000 1118.1909130663662
1000.0 1716.7746174938306 1431.0461163770221
270.9662150776924 600.2293355490675 468.82880485829037
1000.0 609.9696888713946 671.4824579397409
386.1770597341817 492.2390235510894 1093.025783711446
1170.738734706973 1000.0 974.325573004627
766.8717671320629 18.650049852095094 1050.6152847820495
0.0 -424.2502983747837 1640.1440165575834
934.9446758575531 1000.0 730.6091275557498
1067.3764574015922 1000.0 1213.0164430749
69.10375994600179 541.3703425956662 820.4749692301573
1000.0 1405.8386395770476 1322.8267724414654
29.350425127786025 642.4092207549213 953.2268845207155
687.5742734215738 960.7504021088641 972.9830473716427
735.0126416132779 434.6188517147076 1190.833665099692
666.1092261578387 717.2066761601747 647.5906348951913
536.5145177964123 1000.0 557.1767284986348
857.9429223059481 0.0 460.03827234589727
315.4373795993955 761.3177578967657 1109.5383593277982
525.9648680544793 599.5422024157285 898.9282819256928
1000.0 796.1352066822681 764.4401694740525
800.8846405675775 180.84761966087865 1039.36928471076
550.7524474082991 445.46136666743723 112.10959359950104
217.4236943169701 458.1476783059411 671.7462509212639
1000.0 946.0639895805716 865.6918309426327
9.735759987760504 362.02680968825285 1667.134450717574
730.0847664059654 377.46083281440133 1171.9568885670194
1000.0153570532618 997.8552458322243 507.0651521033768
217.72173223397633 1000.0 491.4838947201434
800.771920485792 357.0734530341702 436.4534650713457
354.4764061160381 0 1049.341146533483
830.1846907864084 0 933.8176145142135
0.0 479.76380601219637 974.7424215003248
468.18610358252647 383.5219430676726 692.3883005609326
1000.0 1334.3381036873282 877.5373351989588
0.0 -45.30716325604205 327.0321501947733
1000.0 756.1613257921307 780.1636674731868
1000 934.8285126423593 706.3730560880816
1000 648.7932485455236 1333.0740597244237
732.9298256846159 197.9181360967574 496.71809876444877
743.1351835442438 963.9184146029913 508.6182450424851
1000 762.4062862771675 894.1597020948255
776.295154713812 522.488788308351 942.4888253069303
270.92238156852113 0.0 1192.4623976222824
417.71076613616606 86.85106614345705 1370.9773533087998
412.8486139540997 631.0955069421723 859.932428875861
1000.0 609.4069480000755 761.3959587736766
462.6050252254764 537.5207110020385 664.3426397402162
0.0 904.8421518137393 1270.035601573861
1006.5299999600612 453.2910590311234 997.3212272357798
1000.0 1081.053872419839 1470.020961404273
0.0 586.381593245259 1495.281202676716
405.84947760383596 1000.0 1007.464410494152
752.978828269645 940.6548312153678 578.2147669259907
491.0135969674258 569.4013274841051 982.2328289231832
984.4902431369366 880.5351216926092 1266.714122856966
470.3520125794479 796.404000139881 1273.559652671612
0.0 568.7963360469694 985.6360115689681
0.0 914.8421518137393 1063.199850733499
1000.0 1415.8386395770476 1231.681748111901
1000.0 1103.6899500466952 826.213596566425
592.7359792190289 742.9172461522131 939.9300995895139
988.3120235587469 238.71592638384385 597.4035287315513
880.4863971685943 935.1391862920615 566.048745509828
-97.47235547777098 0.0 1136.718692098928
-0.10503457126797226 170.20143275514613 1097.5395869281508
32.82983227432834 533.3070265723329 1016.5762821296305
71.09416363832979 449.42124678151424 1198.70511715234
548.4103675468402 740.0024009982503 1324.3244170416338
488.3667213155926 260.8788794085105 910.7680418682123
498.2568892522963 576.2958700270108 579.3566961289978
86.49600250013651 801.0254613765999 945.2202710831995
1000.0 196.7402343902266 695.306644592032
54.193188115160396 969.8890541360411 485.5583770939456
509.7599965183575 367.0355069603487 470.15366062082734
468.18924615907235 827.1646018781076 308.80650460068455
564.7227938794525 372.3223245606451 565.9768787950227
668.4810982431275 465.16495955491456 438.87834571647784
110.24362291748008 896.7009196696106 1754.7333092400195
463.98099762978444 364.0943235251276 683.5729405012487
970.0526122465708 988.5490565068243 1424.9716103680794
439.3859281536385 1000.0 358.5825187574053
534.2620170430688 16.998491135882205 654.8012441767102
1000.0 1099.822509119325 430.6381323729628
64.84245930742712 372.69376911858 1095.0293649002087
329.56422562748884 0.0 1467.8986159895524
1000.0 86.28595188142157 435.192662368574
658.8498485668367 0.0 616.8866899496401
0.0 177.0510696072693 878.4789055871273
320.8472366057489 558.2101713971928 748.6709623752631
615.8385564421478 443.4508709885773 1599.0370409057111
1000.0 291.19938811333145 720.8934638710183
745.1656963968745 519.0981436516793 959.1664540693005
627.3395080278208 459.78072115754605 966.0216875069739
520.2161162458492 728.142775691147 1309.3472952643071
0.0 268.0461807586452 1173.0837052082659
1000.0 1016.1810735747155 1851.3855997602789
868.2905237597415 204.94958363508138 1553.6803002181568
992.7319655899522 454.1509911321015 1198.271695731271
-275.8509704385849 0.0 671.4830251683385
957.9362589178751 704.7564348535857 707.0448354499975
741.883167280412 1000.0 1189.2919656638799
1000.0 703.0916546328542 1056.2149256077541
-0.004025941596142929 837.2779542849696 894.8833755244956
976.7476680068219 411.09876150202297 475.62970863862193
694.7056748218887 401.1887830011735 577.6858552939449
821.3217122690771 993.571585362649 1671.2185690460303
0.0 258.0461807586452 675.0278962372353
378.4480718622191 1000.0 932.3143955288766
1000.0 802.4677095968283 1021.6179631562668
1000.0 1031.5813744868374 1469.3033460639022
851.6653419627527 1000 1199.8742033063322
251.7383566962909 340.68840751696376 456.4660293761193
517.2484780858342 454.2423229182791 987.3830334778768
706.4817845026458 -0.0903841838924029 1524.9410998680362
635.5848229179965 139.6246964055009 486.22869419422386
29.31087719259027 544.5855950389845 973.5373986406875
474.75559434264903 350.13284443607296 383.24453970874845
650.2584981457076 878.6330176236344 1588.9807314053344
589.0150064122003 1004.2453327383942 244.82220167558467
851.7942855986198 619.22868940797 979.4430859058353
331.415416848202 551.6466864587809 807.6139444167306
908.0563207141125 347.1258317847503 586.4673530761244
-206.42000213008575 0.0 958.2979229011174
836.7143135051379 764.5487752274857 1254.3297025145046
598.2458252177928 0.0 1046.4113214220044
1000.0 1136.751913160033 710.8145191916301
1000.0 274.98494813809333 325.1121637792841
-1.215404470361309 366.25873638715973 983.6297641185378
387.13156165110445 698.3972459305995 543.2092270983346
433.7321123215204 837.8287463299159 337.14678130866537
0 447.54795020078825 958.4378744776155
-3.394734963469069 -0.27447287680238774 487.7943378961897
729.2771661857677 601.2789073357695 1303.810232282792
542.2342416380857 1000.0 878.1637447266914
615.1954105624594 999.1200056740826 928.1002295739503
1000.0 239.29475562888362 961.6241998771752
519.4201245966491 641.7935853548572 686.9460256202914
415.28766209987873 690.2229353919744 966.9129945014573
668.2267509515373 434.59916125679024 724.8865521927468
1000.0 359.65442949055 1244.4502980837458
0.0 316.5920246178736 1250.6724113605799
1322.6705317322478 1000.0 843.250964979659
1000.0 1161.552004070948 1194.8642490474497
313.42153949270426 305.8329080245835 238.9369361419308
420.73326194662377 611.4000576326061 1103.928868915498
494.06164470323256 81.34163194882534 912.2021751923353
41.919116731638724 331.71742765396687 367.9482717270612
1000.0 249.29475562888362 746.9491001296469
906.0594882465659 0 689.5908204713209
154.56185002399633 349.22977754113003 1062.420973183382
1025.3479631707428 1000.0 991.2560654981818
1000.0 522.1542319860778 825.2312917257605
333.1980287512268 355.31254920096825 882.3534455645822
0.0 -479.9024141654958 1410.3057783628963
909.2795323009577 1000.0 1207.7356714168943
330.4046554165444 589.9014161520813 746.37462848245
272.14816845645396 699.5556989884082 1324.0034509972768
1000.019400858266 980.9245872717756 1468.2831334242446
1000.0 317.2450168138204 1563.8962999326332
0.0 603.2368214509266 697.3019831196788
0.0 -346.4820656748834 616.2313454959833
7.359089613542559 163.54659615657164 332.6433202998248
-674.3983207301394 0 1175.8243212284576
1000.0 505.93311945693017 1304.0270317517572
299.0859655638859 -1.0335872862484328 914.3894706849709
87.87220356262212 536.6305549944262 958.9215907201803
196.76350774232455 580.4822824104056 789.5794478338094
422.0706011456509 634.9626702744955 1525.8211761146515
365.05517220785646 700.1055859642856 1439.321339105484
1000 1664.5479030301474 1345.2796807003554
0.0 89.28362485197614 632.8412539948431
587.949229719798 847.7643222475718 998.8617698773643
947.3067139435133 0 1085.6567715010897
-63.280890462240414 0.0 898.8209085895436
200.37251701557554 590.8766409444618 650.6837380264229
-1116.340395871832 0 1801.8656651863873
0 -450.01518652197115 1853.7091526938616
104.74171572421966 187.9145799586093 870.2370675265332
191.14014592299532 1000 944.9584713482096
999.9561878405402 990.9243874754992 864.7424916968206
415.09849964399996 333.329937728567 1018.7437229726105
1000.0 812.4677095968283 496.6423983821073
1000.0 1750.3306500438473 760.9598709863332
0 867.9176676103576 1173.313440267156
629.7524234699923 446.5961801109947 1127.4471977823914
0.0 233.00523675986852 613.7167530368865
1294.364434795425 1000.0 1404.5074976141868
337.66084816235355 1000.0 920.2903216640032
883.606026995686 0 1259.9383188285206
469.9811956922449 690.4247656145238 268.96623914092214
97.09937252732148 1000.0 2241.9031649096005
705.725037950473 45.14836378076164 100.1267243134471
468.67371695558427 1000.0 936.3935601650617
92.02000787488801 348.28845786542485 645.8249786717079
121.14688982217257 0.0 930.9553599219454
1000.0 541.1819199433396 1465.6258116549768
1854.3473825959845 1000 1439.82885133984
650.397170104814 835.7430174961667 602.4444295405417
716.5410758104688 965.8774841053608 1482.3689700043687
0.0 748.7817252319696 655.4225241814376
539.5497743363865 878.9484121996715 986.0085868852249
422.84684341950674 1000.0 1227.077429723943
917.0074282146425 283.6554602974314 570.5768884784062
562.9845209954051 1000.0 1093.8177479610808
53.68807866687163 227.15016310891303 1412.0167509617065
796.6351712080934 1000.0 900.4517864012361
440.1807164707193 931.0240493605088 578.9092963253005
1000.0 740.452058019041 1312.5367787946375
0 -254.22632648530936 1089.583976161352
0.0 401.9596628267111 1193.4675400226579
1000.0 1084.2068274690682 1440.3181614774553
864.4973902780009 0.0 832.3007119432706
1000.0 906.8592477644876 846.1381384530307
729.0111904736935 240.00042283120104 546.6259430042251
0.0 37.48231673059631 1069.043390067061
148.83568909121732 597.3047360847345 1166.7017965912005
556.9449133035247 515.7543097518221 429.0624371711147
1000.0 124.12535678162297 883.2180984015175
1000.0 186.7402343902266 1107.3689603581136
313.2105233486955 479.344455699191 881.3964779971428
181.17327554030558 45.44575230866292 961.4816100635525
738.5863797048091 782.8592889054341 241.39986095741338
744.921470716175 621.0363842610953 791.2520369881805
0.0 227.6939498457652 1311.7104334694266
825.3268790546612 1004.3711760014688 812.8198459254301
465.3310780287702 0 904.2782894384534
1000.0 842.4430082964375 1615.548003767161
791.8992936157849 639.7906219323517 677.5211631771639
1071.313612284645 1000.0 1134.1510878402046
603.9008532929943 1007.4400046469347 1314.7071443796874
1000.0 1229.3253037311476 1330.0403816950052
1000.0 1021.5813744868373 801.4923535305363
233.83302711167823 1000.0 362.5102645097018
560.7051119077327 856.729628321946 253.39904713154016
818.0265461353505 934.4331926712983 585.6679113407025
969.5351011221203 0 789.440775539478
433.47199380115353 0.0 591.6844982907329
-217.96649189789747 0.0 965.2700990568848
1000.0 268.3339444732004 1205.5691499161956
396.21308212018556 1000.0 949.366296713739
900.594889405748 1000.0 615.415633830154
719.6728213088791 236.42343228863035 393.5495039797725
549.5025785461191 385.11472445077555 716.0767133753714
64.90135606220252 144.21764145701323 251.29293199272308
767.0679854749508 465.56669407033417 989.161329819189
468.06611508874585 737.7502755001884 476.1777900786774
0.0 59.4197814513975 669.082087640241
282.73333822397876 971.3541998734021 210.5795846533168
1000.0 583.2767438993923 667.0168866261351
0.0 391.9922555995812 1132.911276363534
880.7324325472301 331.5479426742229 1201.0384016208673
210.97721117266667 524.1892169736384 1167.826641069002
1000.0 1341.4098493272031 1498.5233152985602
594.4344746356419 450.10622293938536 1018.1540359241011
682.3999328994221 834.5904859265214 558.1690315935678
589.8426099838777 73.54996117909661 1096.4515058011705
697.3757715917791 785.1445300714579 1028.0841394954787
0 -179.08029426158907 1204.537908328984
588.8503278911189 133.23168257283407 657.3126565132363
1000.0 1130.154620526156 1619.0210368855587
693.6316797130411 185.82225748476228 187.52440910824862
745.5741099862944 233.03600609668794 469.9002661622814
0.0 322.983130035067 1044.4618769668493
661.6099301133297 674.7203118485731 1249.1925926969982
586.4045416603717 826.183389683255 218.87121260600944
507.09828154854233 391.7393834855641 1162.8246888610768
581.9564729950998 0.0 409.14221639419475
166.7580273953671 186.25290445930492 346.2400938045064
0 -926.5779372599083 1349.7236599414887
413.6163304316534 546.0557023248653 1024.2347890290525
1059.1180082945039 1000.0 404.4878457702992
745.2646949804384 283.3315178721742 168.48348902450292
1186.2526117410564 1000.0 849.6266771152498
1000.0 850.6514715064914 939.4356225892856
158.4893011602609 443.8665867296847 430.96656646918075
658.5262505615764 104.89669771179521 1254.57606090857
178.83281061285746 310.6631928355399 82.35214390686282
269.08253645817604 652.0146410889959 665.3158570245123
649.1394926441521 395.4490670282155 1131.678335304129
1081.313612284645 1000.0 1044.6635507698666
368.95600189071536 1000.0 1508.4182802767787
333.6436837209246 1000.0 1305.7204369040414
416.0711913491314 837.34456111379 153.40437190804965
668.5742207997711 0.0 280.24932389637195
188.86043069730403 0.0 735.7010295664081
262.0590626265637 512.6912303573885 932.9102090290224
0.0 71.47211264111344 824.22254289335
372.6631879820735 496.93093811624954 827.0249630198452
0 19.309298797746635 730.2824868887492
-40.92408607722325 0 1325.0777005573939
-30.09808752883317 0.0 749.8486012840161
154.4755127082048 842.2792690937514 622.1535242062173
173.4129106261159 155.18641707674848 625.2232306158348
245.05285746194934 921.5107278138064 1063.3926328071182
0.0 40.72883503584701 626.7898814858953
385.29390052297185 381.62600394096415 586.618949696024
934.8779668789183 558.5248313179045 937.0269497460883
18.058791919031115 284.4968240121818 508.41088036012405
459.20771386628485 37.063438513176266 967.1437981537894
720.241868521598 657.6063803502046 677.3437926592616
900.2646568504633 537.9152624309238 1590.4395466304263
124.31621385846692 0.0 928.5971225534743
0 925.8188282676394 1475.834222371556
270.23965174586846 27.158565057667968 1097.3504679918356
631.6187764973399 603.3228767646066 1078.0656495640542
499.0334934608849 732.1589868615578 905.6854924050665
491.1344126082803 484.83198130451433 556.4359245606628
-129.22788379545997 0.0 1260.964264369477
650.4839875503945 0.0 836.2793958655894
518.6856687603639 658.8325548705607 1061.5799519832347
64.55441306595407 245.05674474069195 447.9449474781706
1176.2526117410564 1000.0 1280.926477393732
0.0 623.7981417018009 1098.5662613142274
-243.69890201830523 0.0 1277.1352807144776
548.0961123454499 362.10719588523654 1068.1746619418248
421.2684184461385 281.4016392297011 1342.4130933189515
1000 -59.18638395312918 544.8209288021841
312.64184251101005 494.2014236402731 896.8438962604174
235.14907416259922 8.989394709317494 1089.440226537586
0.0 596.381593245259 1210.3657672923346
795.000276414496 724.9198351837008 741.2222246385389
418.2801197155226 699.76469610049 343.21115126602996
43.80219201926141 101.96908156955743 488.8256734630111
-207.96649189789747 0.0 1387.9509723131296
643.1181581150828 274.9428921370396 645.9369962763337
1650.4229261262558 1000 1136.6056368055308
189.38281951118122 464.6148397185774 829.8562342659798
268.60809838051205 1000 1104.9927717089772
345.4554532282593 871.437447152158 933.5722522336254
1000 -116.17555033256264 1132.511595223847
533.2909012538356 519.7543573128055 1235.7020272380907
519.3933033419577 369.71867666097853 999.990964920772
1000.0 -166.43769452149849 1285.5517914174218
699.4334704087963 806.3500184255968 828.0981817496955
460.6958886471373 1000.0 1990.0011491392956
919.2795323009577 1000.0 1243.928403552862
702.9362900769249 450.25043527995206 1059.044380782693
1015.3479631707427 1000.0 1552.3917838237019
1000.0 221.18438697948017 1340.744870946085
0.0 -154.81653030408003 1083.9917918186259
839.4701353254475 598.1491341372498 862.5852553888311
72.8801526588684 366.7443585941502 528.3054517294836
754.4848757986462 794.0372387003396 465.29770438724177
-0.5898911459077367 429.65824529280945 1434.8307976946307
0.0 671.769454049644 334.46711508715475
141.9959204463643 286.9242238188892 746.0320972663893
128.13178650082483 663.5660972453614 483.04282127088976
1142.6096011776312 1000.0 986.452048113366
1150.051300369084 1000.0 953.0539457743322
248.638934857304 838.4352349990135 454.64358310393715
587.3567816821944 320.94648737672526 1203.499278569871
523.0521087770614 215.84813008254088 1180.483420449201
948.536124676988 388.5885248684697 1207.8497424535663
140.90087587661412 0.0 727.7492572423618
1000.0 394.7744101252305 624.9248368080702
-381.65669109466455 0.0 1547.7491088133283
0 -858.5708294943778 1473.669951513232
0 -95.19978373170471 1053.6839342018889
520.8091326254277 1000.0 768.9825533198192
0.0 386.76770459851696 491.6454696009769
403.4124678988294 1000.0 714.0470535605683
281.72035490676757 693.9899878222668 804.7768845611622
984.0237295936795 1000.0 2053.56209265363
0 -226.1614842450253 1000.1769891913319
512.085590006633 577.8994531806553 915.8810538611928
701.3645917134862 110.13141007899532 623.3648687514136
1000.0 525.6957639219704 1244.7238948351983
1000.0 750.452058019041 755.1384748040018
0.0 -48.27219968279532 855.9476217480233
219.26710294880365 732.0195568607178 1508.3272258411773
337.1152650380368 948.8921947585783 394.13106327060717
263.48169553973537 0.0 1214.8984655007082
1276.268752591496 1000.0 911.3246295212597
489.0906224565499 0.0 844.965720679109
0.0 495.66084689873475 782.5462048766116
515.103747454443 1000.0 1183.8686799417876
530.8091326254277 1000.0 1389.891651955991
293.94548296088266 92.52743042898959 807.0227341005198
712.3782997831233 668.1383371383445 896.6677217182296
0 660.1297573892028 639.1120719494036
735.2680166375164 0.6693214309160808 544.2819471290042
1000 725.9693401671746 1143.223429014768
300.0556274422198 895.1939688828543 843.1043766542231
326.50433660698275 181.185101002437 496.8052730394523
513.6085177755126 527.937549576896 979.810380287017
516.9697230220512 772.2146705845992 648.1674617324877
0 -242.66262621762513 754.3569983942934
507.87707956405694 768.0524794614292 710.8408028538071
310.6963259366843 125.03827093278456 690.78988666984
440.8662632158086 241.72598525019907 720.7554938961493
198.86043069730403 0.0 1462.9307586391747
358.2260077108947 493.5341899488059 466.0262487439461
1126.801886410185 1000.0 700.6639091911728
235.47380440011182 223.2479697383742 920.9543134442953
724.7136923184046 1000.0 719.2300548407997
75.89399033379527 917.8717037377501 395.18689779080245
109.26519281471101 752.2745325868992 249.50539238592415
668.368013764382 69.8478830534136 527.8183077712432
-20.09808752883317 0.0 1313.814858974819
436.8728708044834 312.93775609745444 127.22406743054488
124.19501021036267 1000 968.8426253045692
512.802459380928 619.5291992765008 1139.91178601188
0.0 -213.09852990569186 1430.0549265015547
801.3992819053477 636.6680873051347 89.16083823744793
557.6093813167454 1000.0 1154.3693700766846
413.4124678988294 1000.0 1578.5601235451195
233.16999029826366 -0.8128105047109558 336.71429431234236
492.7390220034081 747.6647024719042 1472.6618439856989
0.0 485.66084689873475 987.2628278578404
484.38098902037746 867.1506885699616 921.3650463058254
283.5450972993996 644.3694789512855 657.0842199232769
783.8832672451026 690.3669600349493 226.92047599166133
6.786571716577368 -1.3100081890529223 219.46083514053743
1160.051300369084 1000.0 749.4353459566064
132.07819607702282 75.48998032411686 898.9922506817562
442.79531322571836 51.98701447855616 1010.9227125298338
517.0025613612526 951.9875507126783 741.0749971606137
1000.0 258.3339444732004 1035.0923092341327
638.7079067857187 635.600256889338 206.27770869118174
527.1852760890552 234.90072999259286 485.99073678427663
355.0054095736988 1000.0 70.51517604096547
548.6378987658509 0.0 605.7250079208054
1000.0 1213.8421997665303 1103.64649004912
834.3318000922955 537.0320230875698 959.7158041363105
412.8380932556868 346.615329949627 1165.1980129971657
0.0 -285.1615150685675 991.5819295730121
401.86177310246353 501.3807436919942 582.4497882290297
1000.0 1174.2174197558782 1191.4093221202497
0.0 618.5174815763637 1326.7001166416917
1000.0 327.2450168138204 689.5959013653176
70.55387245303228 0 1202.2516941728802
668.7205161621915 494.20154433258944 911.7839581147676
850.5953932762359 672.3076952843091 719.4781346051749
734.3898257998003 1000.0 1119.655775790551
394.80255158398546 136.11563737294304 714.5551960920085
339.775410658496 528.5479718348396 472.9180837606839
816.8189186388286 944.3600066531177 420.3740981781329
919.090636772384 471.03587197531635 946.1371562650289
0.0 608.5174815763637 1223.748476907877
92.58899772794898 0.0 1093.2682871557533
0 -74.97490700933082 746.3299842973657
625.4421837724722 621.9123027979382 219.75453878799104
281.58801749769714 63.33389506954918 64.21973749912212
639.0629355706611 1000.0 1860.1109664444298
90.8678424615436 827.2575001290912 214.24960479848644
0 -821.1027509790158 1334.8470346175454
785.4285592339547 597.3743666165346 840.5475733575804
112.28758147511036 0.0 1317.067614766932
1000.0 625.416629590017 568.3852054469805
708.4904025260618 1000.0 744.2571122445513
397.55673231153645 360.8301142242708 161.54460807958606
178.81546677603643 641.8190975646316 1236.7564862812349
1000.0 -224.89700705501122 760.7350064185674
-285.8509704385849 0.0 1203.6260432703564
-0.12608465563930082 347.9104397370395 1014.2994270164634
631.9391892044637 515.0223670140361 972.3966350295085
334.9422630925141 983.3274073628886 612.8044999282271
565.820484280715 563.0803032328465 799.191608872066
791.5945862300596 353.10148425803925 670.0330293307852
1208.8433932381754 1000.0 500.4846445189941
848.311252297475 418.053642114402 1004.519000445032
622.7088080592441 0.0 525.0387721844352
1000 209.9531722405996 890.4171889890769
1000.0 832.4430082964375 1331.2729941933703
547.6093813167454 1000.0 885.1111135374467
1000.0 1146.751913160033 1119.1998952564147
1000.0 786.1352066822681 1249.4419222410654
716.4774310434219 0.2046585788882867 348.5566623555332
447.8968516587878 578.5780363324425 992.949198812458
916.3293251216942 197.325507356655 444.6786774841588
0.0 -64.75471789617194 1358.2454085559307
1244.8675801457498 1000.0 1326.876445424477
695.3351121346043 0.0 1235.4992346267932
0 -126.89036328953549 1057.3845367094837
1000.0 969.801201932207 1372.4569581908565
-186.74397754716477 0.0 1118.2988679266728
0.0 95.54591877733569 1457.4382072969488
539.0252221881183 627.6008630877284 1160.0168735276523
303.17157075318363 673.5807908920254 898.3929919711832
999.3614226358288 446.66431635107375 449.7453901930534
1000.0 535.6957639219704 392.19023272357964
257.0053669913709 539.7012756533047 1560.9775195421887
73.78631585119925 0.0 407.43569928346903
842.3122900349609 439.3605027331289 1508.5418545888847
842.7298158738532 516.049484272196 347.2486906496618
591.9564729950998 0.0 1145.6072848466101
102.29044112907354 202.42820684837164 908.494738730227
434.2771707768351 57.22545405733656 208.69480515487345
828.0748282264852 643.9667306622555 841.1837024361108
0.0 105.54591877733569 1521.6844549296243
596.8456952897749 889.3632280092295 430.7803740227059
-134.75401648026758 0.0 1145.8191389304156
80.13602239073327 521.8193492149068 1222.4980756195287
883.7830226058663 464.6182299692017 1045.7584867206363
0.0 339.3548619664721 669.9310299543912
765.8244384862616 585.0132363843529 1628.111294009053
606.2544061364006 997.7209106041088 1356.5879509031768
1000.0 1094.2068274690682 1245.8315737944035
287.76164219263364 0.0 834.9413075209757
1000.0 573.2767438993923 1334.6503463387373
396.3851364507761 694.6062891348971 1104.561617966264
0.0 187.0510696072693 197.96566394321462
580.6690887651338 994.6505941886064 1190.0932500636343
1136.801886410185 1000.0 707.1356590623973
874.4973902780009 0.0 1189.533144778029
890.594889405748 1000.0 1149.8522115384542
0.0 -434.2502983747837 1365.1285136286178
-104.91700848033732 0.0 966.7894072014874
86.11801099210327 397.52168295124204 1460.7894823413671
988.3121304607392 341.78822510062315 182.05775743427523
1424.9420353902237 1000 1183.2521473092477
0.0 279.8496804356115 1424.3603412119141
1000 1241.8721997170917 1559.7595152626568
807.4075300554643 256.5003355906913 499.9970353793234
466.665700582422 677.2264872150708 974.5409732671328
346.9239448726277 0.0 1016.2477648705111
614.8691833636285 339.29562439295626 1254.195985759403
0.0 -138.94825110659923 1134.4538645578848
834.7231104017978 708.3136463141323 1261.9061477347934
579.1764993989927 1004.5385756299363 1151.7988950284705
173.33218785738555 297.76737875196807 668.8077673262263
816.2344605532445 782.4257603153223 2004.9981485517994
0 644.6270164782259 1145.6336321344384
1218.8433932381754 1000.0 1718.5180393764838
41.13800088101323 769.0665909418591 815.6812257719632
0.0 306.5920246178736 779.6415096955882
102.26601949871649 0.0 990.7023791409761
320.8393204762314 715.8488868359932 796.3389740875821
964.0709772507992 530.4531894480635 608.6499966192473
345.0054095736988 1000.0 1124.9535752135912
441.93128269296034 231.78286031317413 396.96616307328514
1332.6705317322478 1000.0 1309.163069923736
450.52786276174936 0 273.6732316918176
-371.65669109466455 0.0 1365.9246900360986
883.950730498113 478.81277732598596 931.144884506264
506.68769543746834 879.1206097083661 1006.4951596521064
48.287754459978544 602.6868217049994 190.79309293896839
1000 -446.92555261389197 2040.4984539240947
17.23441393230263 585.6699784866854 1082.9161538071548
640.4839875503945 0.0 1167.14119284689
23.633505426860268 51.57541355182127 802.5680533731404
685.3351121346043 0.0 656.6358745816374
1000.0 959.801201932207 837.7088696362699
7.187143420320427 844.2268450747455 1798.4222218950893
197.04325643641704 666.2002639337547 934.5564283733216
0 776.5932155565465 1117.4326984674424
203.84446390311973 531.198062555385 695.0676444788173
0.0 701.1525766597601 1074.9030236912859
524.9451285233595 284.8957572615043 1232.3878649962294
266.7486122381461 989.1630366575178 1007.3717690894142
1000.0 1351.4098493272031 716.3860514172802
735.5825693378531 167.25015697991995 889.6085029657022
147.71728577672087 0 740.5124010654843
953.8273245737132 1000.0 1201.608584576226
0 542.5935532356569 1227.5180830899774
878.436245153254 1000.0 1107.6241289977434
523.8388015937841 565.854505170183 1220.3293233891945
0.0 -336.4820656748834 610.3790334252848
258.2241502443796 503.45578521267714 989.8629868559074
0.0 57.352094188472364 853.3626169289521
80.98639738221159 447.9571048633907 816.2083044305408
175.03166611141722 774.626256393206 1447.783302742678
1000 418.7154189620788 536.9442252913962
908.2489256833203 789.3282856363262 483.64810128691306
317.7610000584298 548.6983290954096 1063.7211879623453
757.9614823200931 1000 785.632722294433
551.3498994139136 830.8976808954535 308.311932221153
1000.0 637.1691131612922 994.6873019994651
831.6829864387117 996.6510789216118 759.8765794035901
990.800637900008 734.7481000465591 826.350178925051
846.2438428667249 460.9272568071127 1326.4355398284954
425.9111951187595 811.2913631533121 1014.9112920850708
267.4305490086516 791.4560726304572 877.393701895116
686.0577693731839 521.0741155800752 862.8880566326685
-196.74397754716477 0.0 1279.3295016970546
336.9239448726277 0.0 892.8063664149184
89.38497491282439 0.0 1163.9320897575676
265.14688967218933 719.3477590389741 1288.3258424085525
124.35079600653302 103.28451193707757 483.9860920678424
1000.0 1252.8338888916987 1564.593141559808
0.0 -54.75471789617195 840.5935011104834
974.5651884291781 881.7571237580753 1354.4341878069604
405.8440423464416 562.6290565670472 1096.259069101326
430.45716451832294 371.06673427827775 674.7822669171084
51.142809277508974 280.6470575544464 129.56692946503844
0 1050.1658995793618 488.5250270313586
478.67371695558427 1000.0 1230.9536702823682
500.26038700361187 678.9840641416105 767.2565601762573
110.24125175945795 849.5458219267331 446.20148811132935
308.76906854587276 1.463914793878451 786.7977304918899
1000.0 914.9022553678294 1269.970816509957
396.47162520492094 492.9577806953631 876.9003124920055
0.0 47.352094188472364 1414.6594853454005
319.9559108214693 173.36646006769692 268.57238147973635
892.6308042376512 158.05025683440562 939.8503853436769
-87.47235547777098 0.0 1232.3113889400304
753.296683644091 497.0021103206981 974.1950636707383
1000.0 924.9022553678294 1332.848910232656
1000.0 615.416629590017 922.1163393793971
130.90087587661412 0.0 1436.1330125183154
268.5310955745399 464.5758827922727 1074.384408633466
839.0393068340237 655.4259069846612 797.1262604231144
519.7278730434574 940.1198998958853 410.36973740904097
286.7683460808218 663.0000505977434 520.7892713575594
0 527.9024888978712 956.9194733506172
423.47199380115353 0.0 1381.7694598771616
42.9154295374078 549.5944832337486 982.3974644774585
756.5110772540869 581.3716292447746 408.9819793775713
79.38497491282439 0.0 404.22585635137534
896.9510394993447 428.15983672485714 146.13013129510907
1000.0 599.4069480000755 993.138503774475
718.4904025260618 1000.0 835.0871799700325
386.21308212018556 1000.0 908.2972031378646
0.0 711.1525766597601 1254.9680944680867
966.0222837040734 745.5461231158099 459.95751349626323
243.30873841009554 459.5770268764751 314.35892467083414
277.76164219263364 0.0 1091.9718309986972
111.93108282245413 356.536293896122 753.927564238492
350.82440599737174 429.502170309204 592.9570012211616
531.2350145857099 0.0 908.4817894365762
1198.787228508756 1000.0 1192.1405883586717
541.2350145857099 0.0 803.7216892898505
170.0839938495501 1000 1008.7187742428504
88.96967853942473 13.966249034834505 1038.3978823583382
0.0 376.76770459851696 994.3277324428844
0.0 243.00523675986852 1219.2457327069174
0.1952510732744588 -9.607853842775357 1132.633750084246
235.4208020937506 555.1848414253548 794.5433003167186
272.63279769465794 58.88372223253993 1303.6897879997043
0.743515792186681 357.8725577378032 1205.9659606461496
510.9219778559866 331.26729870043243 326.5966048083247
213.908122541951 253.44425202535683 549.9126138658937
1000.0 860.6514715064914 1683.9969081232857
110.13662580743011 859.545274582262 982.1822789133371
-144.75401648026758 0.0 1284.923272332287